%YAML:1.0
CM1: !!opencv-matrix
   rows: 3
   cols: 3
   dt: d
   data: [ 7.7596930307876585e+002, 0., 2.9532659597198244e+002, 0.,
       7.7755622263119903e+002, 2.5377486353294066e+002, 0., 0., 1. ]
CM2: !!opencv-matrix
   rows: 3
   cols: 3
   dt: d
   data: [ 7.7596930307876585e+002, 0., 3.2308640015078350e+002, 0.,
       7.7755622263119903e+002, 2.4113466636530609e+002, 0., 0., 1. ]
D1: !!opencv-matrix
   rows: 1
   cols: 5
   dt: d
   data: [ 4.1811560515980367e-001, -4.3204035248727335e+000, 0., 0.,
       1.0729359406085896e+001 ]
D2: !!opencv-matrix
   rows: 1
   cols: 5
   dt: d
   data: [ 3.7673295066093510e-001, -3.6509438657400421e+000, 0., 0.,
       7.8813662431439093e+000 ]
R: !!opencv-matrix
   rows: 3
   cols: 3
   dt: d
   data: [ 9.9997898984695865e-001, 6.3734657372605356e-003,
       -1.1827083969098034e-003, -6.4042074679376525e-003,
       9.9958402454525297e-001, -2.8120526321936273e-002,
       1.0029912082199638e-003, 2.8127509815322530e-002,
       9.9960384012879078e-001 ]
T: !!opencv-matrix
   rows: 3
   cols: 1
   dt: d
   data: [ -1.8505117216452069e+000, 1.2188084821500904e-002,
       7.7845940118678694e-002 ]
E: !!opencv-matrix
   rows: 3
   cols: 3
   dt: d
   data: [ 5.1076609297767402e-004, -7.7470737642890877e-002,
       1.4372325199550911e-002, 7.9700351551081294e-002,
       5.2546435046076187e-002, 1.8496865541128451e+000,
       -3.3676776070712573e-004, -1.8498196345312936e+000,
       5.2051778527836289e-002 ]
F: !!opencv-matrix
   rows: 3
   cols: 3
   dt: d
   data: [ 1.0526103380026261e-008, -1.5932943019033717e-006,
       6.3106492614488537e-004, 1.6391494369317691e-006,
       1.0784854958598536e-006, 2.8761178988747610e-002,
       -4.0404202638464113e-004, -2.9266368258220238e-002, 1. ]
R1: !!opencv-matrix
   rows: 3
   cols: 3
   dt: d
   data: [ 9.9907371016595925e-001, -1.3921122463044643e-003,
       -4.3009111577877651e-002, 7.8414476704439650e-004,
       9.9989958445679428e-001, -1.4149421193619836e-002,
       4.3024490377097532e-002, 1.4102589358831604e-002,
       9.9897447925418348e-001 ]
R2: !!opencv-matrix
   rows: 3
   cols: 3
   dt: d
   data: [ 9.9909471413211171e-001, -6.5803696232353782e-003,
       -4.2029167596986036e-002, 7.1736886735356570e-003,
       9.9987651811779099e-001, 1.3981656105707493e-002,
       4.1931973291142968e-002, -1.4270502873573954e-002,
       9.9901854955933933e-001 ]
P1: !!opencv-matrix
   rows: 3
   cols: 4
   dt: d
   data: [ 8.6952151609303655e+002, 0., 3.4913351440429688e+002, 0., 0.,
       8.6952151609303655e+002, 2.4706518936157227e+002, 0., 0., 0., 1.,
       0. ]
P2: !!opencv-matrix
   rows: 3
   cols: 4
   dt: d
   data: [ 8.6952151609303655e+002, 0., 3.4913351440429688e+002,
       -1.6105177366998932e+003, 0., 8.6952151609303655e+002,
       2.4706518936157227e+002, 0., 0., 0., 1., 0. ]
Q: !!opencv-matrix
   rows: 4
   cols: 4
   dt: d
   data: [ 1., 0., 0., -3.4913351440429688e+002, 0., 1., 0.,
       -2.4706518936157227e+002, 0., 0., 0., 8.6952151609303655e+002, 0.,
       0., 5.3990185657611589e-001, 0. ]
roi1: [ 0, 0, 640, 480 ]
roi2: [ 0, 0, 640, 480 ]
