%YAML:1.0
CM1: !!opencv-matrix
   rows: 3
   cols: 3
   dt: d
   data: [ 8.4477065394265367e+002, 0., 3.2995009272824296e+002, 0.,
       8.4339445827112706e+002, 2.5061130933087532e+002, 0., 0., 1. ]
CM2: !!opencv-matrix
   rows: 3
   cols: 3
   dt: d
   data: [ 8.4477065394265367e+002, 0., 3.3142454769759496e+002, 0.,
       8.4339445827112706e+002, 2.5061449749438646e+002, 0., 0., 1. ]
D1: !!opencv-matrix
   rows: 1
   cols: 5
   dt: d
   data: [ -1.5917437418019240e-001, -3.2506735855991997e-001, 0., 0.,
       1.6440855983338252e+000 ]
D2: !!opencv-matrix
   rows: 1
   cols: 5
   dt: d
   data: [ -1.3647074309713592e-001, -4.1427267009855429e-001, 0., 0.,
       1.9767812009111025e+000 ]
R: !!opencv-matrix
   rows: 3
   cols: 3
   dt: d
   data: [ 9.9879861823817173e-001, 2.4038780020895916e-002,
       4.2701958510422591e-002, -2.4622894717061011e-002,
       9.9960958224047791e-001, 1.3205913401568655e-002,
       -4.2367832860218446e-002, -1.4241493886674140e-002,
       9.9900057386900654e-001 ]
T: !!opencv-matrix
   rows: 3
   cols: 1
   dt: d
   data: [ 2.4094549608651872e+000, 1.2914236089586167e-002,
       -1.3828600793343965e-001 ]
E: !!opencv-matrix
   rows: 3
   cols: 3
   dt: d
   data: [ -3.9521500103487355e-003, 1.3804810060572811e-001,
       1.4727522309994056e-002, -3.6036488579431938e-002,
       3.0990011170698422e-002, -2.4129519719891923e+000,
       -7.2226476988764055e-002, 2.4082038243772010e+000,
       3.1267590384474339e-002 ]
F: !!opencv-matrix
   rows: 3
   cols: 3
   dt: d
   data: [ -8.0074027478066836e-008, 2.8015395855954910e-006,
       -4.2360382127368566e-004, -7.3132226258931435e-007,
       6.2993557625504891e-007, -4.1283549881063281e-002,
       -1.0263950988606107e-003, 4.0199209843484025e-002, 1. ]
R1: !!opencv-matrix
   rows: 3
   cols: 3
   dt: d
   data: [ 9.9943922665482987e-001, 3.0163795863648455e-002,
       -1.4538832232741505e-002, -3.0069311553140261e-002,
       9.9952553340684369e-001, 6.6741718950568294e-003,
       1.4733252401144949e-002, -6.2332565213318227e-003,
       9.9987203070534159e-001 ]
R2: !!opencv-matrix
   rows: 3
   cols: 3
   dt: d
   data: [ 9.9834278283844002e-001, 5.3509339686007990e-003,
       -5.7297953367142149e-002, -5.7208121964600527e-003,
       9.9996383291616675e-001, -6.2932636542206294e-003,
       5.7262206228998511e-002, 6.6106251801456122e-003,
       9.9833728737962879e-001 ]
P1: !!opencv-matrix
   rows: 3
   cols: 4
   dt: d
   data: [ 8.9024536579884602e+002, 0., 3.6461344146728516e+002, 0., 0.,
       8.9024536579884602e+002, 2.5023224830627441e+002, 0., 0., 0., 1.,
       0. ]
P2: !!opencv-matrix
   rows: 3
   cols: 4
   dt: d
   data: [ 8.9024536579884602e+002, 0., 3.6461344146728516e+002,
       2.1485667547099360e+003, 0., 8.9024536579884602e+002,
       2.5023224830627441e+002, 0., 0., 0., 1., 0. ]
Q: !!opencv-matrix
   rows: 4
   cols: 4
   dt: d
   data: [ 1., 0., 0., -3.6461344146728516e+002, 0., 1., 0.,
       -2.5023224830627441e+002, 0., 0., 0., 8.9024536579884602e+002, 0.,
       0., -4.1434382424810079e-001, 0. ]
roi1: [ 0, 0, 640, 480 ]
roi2: [ 0, 0, 640, 480 ]
