%YAML:1.0
CM1: !!opencv-matrix
   rows: 3
   cols: 3
   dt: d
   data: [ 8.7360588597105971e+002, 0., 3.0984701990530476e+002, 0.,
       8.7216734549775708e+002, 2.4029228318522024e+002, 0., 0., 1. ]
CM2: !!opencv-matrix
   rows: 3
   cols: 3
   dt: d
   data: [ 8.7360588597105971e+002, 0., 3.0830250693667688e+002, 0.,
       8.7216734549775708e+002, 2.3907134326188921e+002, 0., 0., 1. ]
D1: !!opencv-matrix
   rows: 1
   cols: 5
   dt: d
   data: [ -1.0435819636239511e-001, -1.1344669383060366e+000, 0., 0.,
       5.4663553085727488e+000 ]
D2: !!opencv-matrix
   rows: 1
   cols: 5
   dt: d
   data: [ -2.0592927750039997e-001, -6.7682578700634113e-002, 0., 0.,
       1.4477903813801014e+000 ]
R: !!opencv-matrix
   rows: 3
   cols: 3
   dt: d
   data: [ 9.9841165549546462e-001, -2.3505204413933674e-002,
       -5.1202261046410250e-002, 2.2970970250625784e-002,
       9.9967564236644335e-001, -1.0997480847163042e-002,
       5.1444151237535374e-002, 9.8038474436338320e-003,
       9.9862775040490015e-001 ]
T: !!opencv-matrix
   rows: 3
   cols: 1
   dt: d
   data: [ -2.4156805486724378e+000, -4.4870101186791952e-002,
       1.1448200636135158e-001 ]
E: !!opencv-matrix
   rows: 3
   cols: 3
   dt: d
   data: [ -4.9380670338554002e-003, -1.1488477287549911e-001,
       -4.3549514536302521e-002, 2.3857280498315667e-001,
       2.0992040610497427e-002, 2.4065038944428006e+000,
       -1.0691694010415975e-002, -2.4159516851467107e+000,
       2.4268949932744477e-002 ]
F: !!opencv-matrix
   rows: 3
   cols: 3
   dt: d
   data: [ -1.0370258959936662e-007, -2.4166336552125067e-006,
       -1.8614151456900627e-004, 5.0184463555109030e-006,
       4.4230183009830257e-007, 4.2561998658827059e-002,
       -1.3639478246634657e-003, -4.3757536268035774e-002, 1. ]
R1: !!opencv-matrix
   rows: 3
   cols: 3
   dt: d
   data: [ 9.9511202675549226e-001, -5.3943439022069925e-003,
       -9.8605046830481338e-002, 4.9313062530060266e-003,
       9.9997564395065697e-001, -4.9390003146303528e-003,
       9.8629287867325471e-002, 4.4286069292247474e-003,
       9.9511439091968268e-001 ]
R2: !!opencv-matrix
   rows: 3
   cols: 3
   dt: d
   data: [ 9.9870704254080633e-001, 1.8550501671007295e-002,
       -4.7329927816870565e-002, -1.8328270296777659e-002,
       9.9981888766776972e-001, 5.1250727518713547e-003,
       4.7416428453906957e-002, -4.2509705406733054e-003,
       9.9886616298788411e-001 ]
P1: !!opencv-matrix
   rows: 3
   cols: 4
   dt: d
   data: [ 9.5348232279581873e+002, 0., 3.7914792442321777e+002, 0., 0.,
       9.5348232279581873e+002, 2.3965677452087402e+002, 0., 0., 0., 1.,
       0. ]
P2: !!opencv-matrix
   rows: 3
   cols: 4
   dt: d
   data: [ 9.5348232279581873e+002, 0., 3.7914792442321777e+002,
       -2.3062906363622274e+003, 0., 9.5348232279581873e+002,
       2.3965677452087402e+002, 0., 0., 0., 1., 0. ]
Q: !!opencv-matrix
   rows: 4
   cols: 4
   dt: d
   data: [ 1., 0., 0., -3.7914792442321777e+002, 0., 1., 0.,
       -2.3965677452087402e+002, 0., 0., 0., 9.5348232279581873e+002, 0.,
       0., 4.1342678488248619e-001, 0. ]
roi1: [ 0, 0, 640, 480 ]
roi2: [ 0, 0, 640, 480 ]
